divret:
600252     2     6   3.3  3.76667   4.68  0.804843      中恒集团
000651    15    30    15       20   27.3  0.732601      格力电器
601006   4.3   4.8   4.5  4.53333   6.93  0.654161      大秦铁路
000895  14.5  14.2  12.5  13.7333   21.3  0.644757      双汇发展
300146    10     5     6        7  11.55  0.606061      汤臣倍健
600863     3   1.8   0.6      1.8   3.23  0.557276      内蒙华电
601288   1.8   1.8   1.7  1.76667   3.24  0.545267      农业银行
601398   2.6   2.6   2.3      2.5   4.65  0.537634      工商银行
601988     2   1.9   1.8      1.9   3.65  0.520548      中国银行
600011   3.8   3.8   4.7      4.1    7.9  0.518987      华能国际
600027   2.3   2.7     3  2.66667   5.23  0.509879      华电国际
600104    12    13  13.6  12.8667  25.73  0.500065      上汽集团
601939     3     3   2.7      2.9   5.88  0.493197      建设银行
600066     5    10    15       10  20.75  0.481928      宇通客车
601633   8.2     8   1.9  6.03333  12.92  0.466976      长城汽车
600578     2     2     2        2   4.34  0.460829      京能电力
000333    20    10    12       14  31.72  0.441362      美的集团
601818   1.7   1.9   1.9  1.83333   4.16  0.440705      光大银行
000876   2.5   2.5   5.5      3.5   8.11  0.431566     新 希 望
601328   2.6   2.7   2.7  2.66667   6.24   0.42735      交通银行
600177     5     5     8        6  14.09  0.425834       雅戈尔
600023     2   2.5   2.7      2.4   5.73  0.418848      浙能电力
600000   6.6   7.6   5.2  6.46667  16.35  0.395515      浦发银行
600795   1.3   1.5   1.1      1.3    3.3  0.393939      国电电力
601088   9.1   7.4   3.2  6.56667  16.67  0.393921      中国神华
600887     8     8   4.5  6.83333  18.04  0.378788      伊利股份
600170     2     2   1.5  1.83333   4.93  0.371873      上海建工
600015   4.4   4.4   3.6  4.13333  11.43  0.361621      华夏银行
600741   4.7   5.2   8.1        6  16.73  0.358637      华域汽车
600690   4.6   4.9   2.1  3.86667  10.86  0.356047      青岛海尔
000540     3     2     2  2.33333   6.61  0.353001      中天城投


