code,name,pe,pb,20163roe,20154roe,2013roe,20163npgr,20154npgr,20144npgr
600066 宇通客车 14.7796906916 3.79400749064 19.26 27.48 24.18 22.5395 35.2502 45.5963
601668 中国建筑 8.12235009085 1.43961352657 13.29 15.51 16.23 30.2719 8.3371 13.1023
000540 中天城投 11.0284012826 2.13289036545 14.5 20.66 21.96 6.9632 63.1607 48.1255
000538 云南白药 24.9591791703 5.17570350034 15.55 20.62 22.4 10.4138 10.3412 7.576
300017 网宿科技 31.7632428659 5.55263157895 13.21 33.21 29.56 64.2914 71.5016 103.9965
002294 信立泰 21.6743811632 6.00836820084 20.78 27.58 27.57 11.6924 21.688 25.2171
000423 东阿阿胶 21.7749679898 4.61969439728 15.9 23.16 23.05 8.509 19.3501 12.5079
000559 万向钱潮 34.6260132646 6.77297297297 14.7 18.62 17.75 7.8924 7.1941 29.5953
000963 华东医药 23.2859582774 5.28008298755 17.0 36.91 33.37 29.0564 22.2125 26.0943
000625 长安汽车 7.13080677231 1.8853046595 19.82 28.94 29.49 15.2812 31.9843 116.7506
300124 汇川技术 36.0560093349 7.43682310469 15.51 19.93 19.21 19.1076 20.8538 21.2477
600340 华夏幸福 11.699191167 3.11538461538 19.97 35.49 36.12 8.4708 31.1907 41.5068
002415 海康威视 24.6633526303 7.42329545455 22.57 30.48 31.43 28.1647 25.6734 52.1164
002007 华兰生物 39.4930310921 7.90344827586 15.01 16.1 15.82 31.4451 8.0537 13.2592
600660 福耀玻璃 16.2611002191 2.79761904762 12.89 15.87 25.22 17.5004 17.5989 15.6571
600887 伊利股份 19.0764023211 5.1568627451 20.29 23.17 22.24 20.4984 11.7096 30.1556
000333 美的集团 11.2943842861 3.28932893289 21.93 25.82 26.6 16.2614 16.9867 40.3596
600816 安信信托 6.4400612792 1.69335347432 28.86 27.29 56.71 90.4056 68.2561 266.0663
601166 兴业银行 5.54604921158 1.02215568862 12.78 16.0 18.27 6.5981 6.5643 14.4998
600276 恒瑞医药 43.6723886048 9.58517034068 16.45 21.86 19.1 21.2001 41.3903 21.
600015 华夏银行 6.35463118649 0.965029142381 9.85 16.04 17.72 5.0644 5.1545 16.195
600048 保利地产 11.5346121768 1.30042313117 8.45 17.26 19.86 25.5646 18.2439 19.9495
000002 万 科Ａ 20.7242116515 2.27252747253 8.22 18.08 17.85 18.3635 34.54 5.4104
