
000625 长安汽车 7.13080677231 1.8853046595  29.49 28.94 19.82 116.7506 31.9843 15.2812
000423 东阿阿胶 21.7749679898 4.61969439728 23.05 23.16 15.9 12.5079 19.3501 8.509

如何分析大盘的风险

000625 长安汽车 7.13080677231 1.8853046595  29.49 28.94 19.82 116.7506 31.9843 15.2812
000333 美的集团 11.2943842861 3.28932893289 26.6 25.82 21.93 40.3596 16.9867 16.2614
600887 伊利股份 19.0764023211 5.1568627451 22.24 23.17 20.29 30.1556 11.7096 20.4984
600340 华夏幸福 11.699191167 3.11538461538 36.12 35.49 19.97 41.5068 31.1907 8.4708
000538 云南白药 24.9591791703 5.17570350034 22.4 20.62 15.55 7.576 10.3412 10.4138
000423 东阿阿胶 21.7749679898 4.61969439728 23.05 23.16 15.9 12.5079 19.3501 8.509
600066 宇通客车 14.7796906916 3.79400749064 24.18 27.48 19.26 45.5963 35.2502 22.5395
601668 中国建筑 8.12235009085 1.43961352657 16.23 15.51 13.29 13.1023 8.3371 30.2719
601166 兴业银行 5.54604921158 1.02215568862 18.27 16.0 12.78 14.4998 6.5643 6.5981
600115 东方航空 11.1705577173 1.97988505747 12.33 12.92 13.27 69.2041 42.2893 24.6825


[20141, 20142, 20143, 20144, 20151, 20152, 20153, 20154, 20161, 20162, 20163]
000538 云南白药 24.9591791703 5.17570350034 22.4 20.62 15.55 7.576 10.3412 10.4138
000559 万向钱潮 34.6260132646 6.77297297297 17.75 18.62 14.7 29.5953 7.1941 7.8924
000625 长安汽车 7.13080677231 1.8853046595 29.49 28.94 19.82 116.7506 31.9843 15.2812
002415 海康威视 24.6633526303 7.42329545455 31.43 30.48 22.57 52.1164 25.6734 28.1647
002007 华兰生物 39.4930310921 7.90344827586 15.82 16.1 15.01 13.2592 8.0537 31.4451
000333 美的集团 11.2943842861 3.28932893289 26.6 25.82 21.93 40.3596 16.9867 16.2614
600816 安信信托 14.4944465722 3.81117824773 56.71 27.29 28.86 266.0663 68.2561 90.4056
603885 吉祥航空 18.1808953406 4.01344537815 21.32 31.12 16.55 22.5484 147.7291 32.3985
002294 信立泰 21.6743811632 6.00836820084 27.57 27.58 20.78 25.2171 21.688 11.6924
600340 华夏幸福 11.699191167 3.11538461538 36.12 35.49 19.97 41.5068 31.1907 8.4708
300124 汇川技术 36.0560093349 7.43682310469 19.21 19.93 15.51 21.2477 20.8538 19.1076
600660 福耀玻璃 16.2611002191 2.79761904762 25.22 15.87 12.89 15.6571 17.5989 17.5004
600276 恒瑞医药 43.6723886048 9.58517034068 19.1 21.86 16.45 21.7388 41.3903 21.2001
600066 宇通客车 14.7796906916 3.79400749064 24.18 27.48 19.26 45.5963 35.2502 22.5395
000540 中天城投 11.0284012826 2.13289036545 21.96 20.66 14.5 48.1255 63.1607 6.9632
000423 东阿阿胶 21.7749679898 4.61969439728 23.05 23.16 15.9 12.5079 19.3501 8.509
600887 伊利股份 19.0764023211 5.1568627451 22.24 23.17 20.29 30.1556 11.7096 20.4984
601668 中国建筑 8.12235009085 1.43961352657 16.23 15.51 13.29 13.1023 8.3371 30.2719
600177 雅戈尔 8.18952174586 1.59255079007 19.13 21.69 14.58 136.5642 36.1201 5.2177
600398 海澜之家 14.7794938593 5.09134615385 33.72 35.62 25.85 1522.4686 24.1745 5.4432
000963 华东医药 23.2859582774 5.28008298755 33.37 36.91 17.0 26.0943 22.2125 29.0564
300015 爱尔眼科 49.536538047 11.6946564885 15.27 17.86 17.74 42.6636 39.5346 28.3987
300017 网宿科技 31.7632428659 5.55263157895 29.56 33.21 13.21 103.9965 71.5016 64.2914
601166 兴业银行 5.54604921158 1.02215568862 18.27 16.0 12.78 14.4998 6.5643 6.5981


[20141, 20142, 20143, 20144, 20151, 20152,
001979 招商蛇口 16.47 0.7098 23.2037193576
000625 长安汽车 15.38 1.6597 9.2667349521
002415 海康威视 24.37 0.7946 30.669519255
002142 宁波银行 17.1 1.6265 10.5133722717
000333 美的集团 27.13 1.9855 13.6640644674
600816 安信信托 22.95 1.3055 17.5794714669
603885 吉祥航空 25.86 0.9851 26.251142016
002294 信立泰 29.81 0.9938 29.9959750453
002739 万达院线 66.3 0.9761 67.9233685073
300124 汇川技术 20.87 0.4285 48.7047841307
600660 福耀玻璃 18.11 0.8671 20.8857109907
300003 乐普医疗 18.42 0.3117 59.0952839269
300144 宋城演艺 24.25 0.5258 46.1201977938
300015 爱尔眼科 33.27 0.4639 71.7180426816
600066 宇通客车 20.35 1.0281 19.793794378
300017 网宿科技 59.04 1.1459 51.5228204904
601009 南京银行 10.51 1.0484 10.0247996948
600887 伊利股份 17.87 0.7238 24.6891406466
600867 通化东宝 23.22 0.3527 65.8349872413
000046 泛海控股 10.09 0.3543 28.4786903754
002424 贵州百灵 22.02 0.2227 98.8774135608
000963 华东医药 74.4 2.4591 30.254971331
sh index 3192.86 nan nan
600276 恒瑞医药 45.53 0.8214 55.4297540784
601318 中国平安 35.01 3.0912 11.3256987578
600115 东方航空 6.46 0.4626 13.9645482058

roe > 20%
002007 华兰生物
000423 东阿阿胶
000623 吉林敖东
300124 汇川技术
601009 南京银行
002415 海康威视
601988 中国银行
601398 工商银行
000712 锦龙股份
601998 中信银行
000858 五 粮 液
300146 汤臣倍健
600519 贵州茅台
600703 三安光电
002304 洋河股份
600000 浦发银行
002252 上海莱士
600009 上海机场
601939 建设银行
601818 光大银行
000166 申万宏源
000001 平安银行
601288 农业银行
600663 陆家嘴
002142 宁波银行
601211 国泰君安
600016 民生银行
002736 国信证券
000728 国元证券
600030 中信证券
601166 兴业银行
000776 广发证券
601169 北京银行
601198 东兴证券
601328 交通银行
300315 掌趣科技
600816 安信信托
601688 华泰证券
600999 招商证券
600369 西南证券
601901 方正证券
000783 长江证券
300144 宋城演艺
600837 海通证券
002294 信立泰
600015 华夏银行
600036 招商银行

nprg > 10:
000333 美的集团
601009 南京银行
000156 华数传媒
002424 贵州百灵
300017 网宿科技
600373 中文传媒
002142 宁波银行
300015 爱尔眼科
603885 吉祥航空
600276 恒瑞医药
000826 启迪桑德
600048 保利地产
300315 掌趣科技
600867 通化东宝
002183 怡 亚 通
000063 中兴通讯
600085 同仁堂
002450 康得新
002294 信立泰
000963 华东医药

correlatoin:
600115
600256 广汇能源 -0.395384112005
000895 双汇发展 -0.163958779714
600111 北方稀土 -0.150858559047
000630 铜陵有色 -0.126578110059
600600 青岛啤酒 -0.104437185367
----------------
600376 首开股份 0.95105053773
600737 中粮屯河 0.955845775958
600221 海南航空 0.960593854429
600029 南方航空 0.988697522692
600115 东方航空 1.0
-------------------------
000625
000630 铜陵有色 -0.657807697434
600188 兖州煤业 -0.477178914694
600111 北方稀土 -0.470923759283
000157 中联重科 -0.469505465503
600031 三一重工 -0.439363803207
----------------
600886 国投电力 0.929435952931
000977 浪潮信息 0.93610527822
600674 川投能源 0.936945964082
600352 浙江龙盛 0.942131315791
000625 长安汽车 1.0
-------------------------
600887
000630 铜陵有色 -0.720393495888
000157 中联重科 -0.524968835742
600111 北方稀土 -0.522544768378
600256 广汇能源 -0.504719881233
600188 兖州煤业 -0.485619150666
----------------
000503 海虹控股 0.927028046374
600867 通化东宝 0.927253228918
002294 信立泰 0.934978140579
002415 海康威视 0.950156188186
600887 伊利股份 1.0