,name,industry,area,pe,outstanding,totals,totalAssets,liquidAssets,fixedAssets,reserved,reservedPerShare,esp,bvps,pb,timeToMarket,undp,perundp,rev,profit,gpr,npr,holders
000157,中联重科,工程机械,湖南,0.0,62.66,76.64,9265861.0,7317755.0,757795.69,1262737.63,1.65,-0.105,4.88,0.98,20001012.0,1511620.88,1.97,-5.69,-54.82,25.4,-5.69,408818.0
600875,东方电气,电气设备,四川,0.0,19.97,23.37,8738829.0,7540305.0,753237.0,882851.69,3.78,-0.456,9.35,1.09,19951010.0,995119.31,4.26,-9.08,-532.82,11.13,-4.5,134505.0
601991,大唐发电,火力发电,北京,0.0,99.94,133.1,22795500.0,1836480.75,13672874.0,1076814.75,0.81,-0.236,2.96,1.34,20061220.0,-553637.38,-0.42,-5.51,-187.69,25.65,-7.07,225509.0
002024,苏宁云商,电器连锁,江苏,0.0,50.18,93.1,13365485.0,7511211.0,1253429.75,3240356.25,3.48,-0.04,6.9,1.63,20040721.0,1586162.25,1.7,11.0,-672.42,14.46,-0.29,478692.0
000039,中集集团,轻工机械,深圳,0.0,12.61,29.78,11762526.0,4651359.5,2153777.5,313438.5,1.05,-0.09,9.36,1.69,19940408.0,1674084.0,5.62,-22.73,-111.0,18.86,-0.54,81778.0
601808,中海油服,石油开采,天津,0.0,29.6,47.72,8146647.0,2307211.25,4884130.5,1237173.88,2.59,-1.905,7.84,1.71,20070928.0,1781489.25,3.73,-39.97,-827.86,-7.81,-84.15,74456.0
600150,中国船舶,船舶,上海,0.0,13.78,13.78,5170423.0,3601232.75,1132721.63,462036.56,3.35,-0.317,12.42,1.91,19980520.0,1049208.25,7.61,-20.52,-355.48,9.65,-2.51,135039.0
601958,金钼股份,小金属,陕西,0.0,32.27,32.27,1576010.5,609697.38,261529.7,675335.19,2.09,-0.011,3.93,2.16,20080417.0,175972.2,0.55,1.51,-1231.09,2.79,-0.45,104533.0
000800,一汽轿车,汽车整车,吉林,0.0,14.12,16.28,1875081.63,948823.88,513825.31,248890.22,1.53,-0.44,4.87,2.44,19970618.0,280446.94,1.72,-21.63,-4310.4,18.87,-4.77,92541.0
601608,中信重工,专用机械,河南,0.0,41.1,43.39,2097189.0,1245935.75,373146.69,210105.05,0.48,-0.075,1.92,2.94,20120706.0,123189.22,0.28,-11.46,-274.89,16.11,-12.21,132119.0
601106,中国一重,工程机械,黑龙江,0.0,65.38,65.38,3501605.5,2430861.0,650649.13,841514.81,1.29,-0.299,1.98,2.98,20100209.0,-218279.66,-0.33,-30.57,-87.23,-6.68,-82.13,469385.0
601919,中国远洋,水运,天津,0.0,76.36,102.16,12082722.0,4735420.0,4326825.5,2724877.25,2.67,-0.902,1.81,3.2,20070626.0,-1825387.38,-1.79,0.35,-2962.23,-4.58,-18.49,390154.0
600871,石化油服,石油开采,北京,0.0,28.18,141.43,7434238.5,4114284.5,2863760.25,889421.63,0.63,-0.626,1.12,3.7,19950411.0,-771627.81,-0.55,-24.05,-330.02,-20.32,-31.88,166627.0
601866,中海集运,水运,上海,0.0,79.32,116.83,11134726.0,2688701.75,5626099.0,130668.76,0.11,-0.054,1.19,3.73,20071212.0,197425.27,0.17,-55.62,-148.6,8.62,-5.26,441392.0
601118,海南橡胶,橡胶,海南,0.0,39.31,39.31,1323052.13,558136.25,157485.52,378597.84,0.96,-0.07,1.96,3.74,20110107.0,-36022.46,-0.09,4.81,42.71,5.02,-4.67,114937.0
600588,用友网络,软件服务,北京,0.0,14.6,14.64,1064176.5,619368.69,156287.45,242732.7,1.66,-0.242,3.55,6.92,20010518.0,83402.81,0.57,16.01,10.16,63.77,-13.47,87104.0
002568,百润股份,红黄药酒,上海,0.0,3.77,8.96,202405.31,88560.56,64091.53,0.0,0.0,-0.117,1.0,22.6,20110325.0,-10885.25,-0.12,-66.08,-114.9,73.19,-14.01,34779.0
000503,海虹控股,医疗保健,海南,0.0,8.99,8.99,136469.44,96136.18,7483.68,2317.08,0.03,-0.095,1.45,40.48,19921130.0,48511.73,0.54,18.99,12.25,33.24,-57.72,38974.0
601288,农业银行,银行,北京,5.09,2940.55,3247.94,1906410112.0,0.0,14948499.0,9877300.0,0.3,0.475,3.79,0.85,20100715.0,48712500.0,1.5,-5.19,0.63,0.0,39.92,482421.0
601939,建设银行,银行,北京,5.38,95.94,2500.11,2050068224.0,0.0,16200701.0,13454301.0,0.54,0.775,6.24,0.89,20070925.0,77305800.0,3.09,3.32,1.19,0.0,41.02,440217.0
601398,工商银行,银行,北京,5.4,2696.12,3564.06,2364647168.0,0.0,20636500.0,15198099.0,0.43,0.625,5.21,0.86,20061027.0,92104800.0,2.58,-1.31,0.46,0.0,43.03,573028.0
601166,兴业银行,银行,福建,5.49,190.52,190.52,581690368.0,0.0,1142800.0,5086100.0,2.67,2.25,16.7,1.01,20070205.0,17284100.0,9.07,5.61,6.7,0.0,37.07,218666.0
601988,中国银行,银行,北京,5.72,2107.66,2943.88,1785750272.0,0.0,18072500.0,14170800.0,0.48,0.44,4.38,0.8,20060705.0,55911200.0,1.9,3.45,2.48,0.0,36.53,884907.0
601818,光大银行,银行,北京,5.93,398.1,466.79,383636704.0,0.0,1380800.0,3336500.0,0.71,0.5,4.67,0.89,20100818.0,7881000.0,1.69,1.01,2.35,0.0,34.54,275188.0
601328,交通银行,银行,上海,6.25,392.51,742.63,809180992.0,0.0,9585300.0,11339200.0,1.53,0.7,7.49,0.79,20070515.0,9299600.0,1.25,0.61,1.03,0.0,35.69,408964.0
600100,同方股份,电脑设备,北京,6.45,21.98,29.64,5865951.0,2892276.25,472090.84,926180.38,3.12,1.72,7.65,1.93,19970627.0,912290.63,3.08,-4.44,799.41,17.72,29.74,233560.0
600016,民生银行,银行,北京,6.57,295.52,364.85,563657728.0,0.0,3827100.0,6474400.0,1.77,1.073,8.95,1.05,20001219.0,13243800.0,3.63,0.18,2.05,0.0,33.65,316935.0
600015,华夏银行,银行,北京,6.6,106.86,106.86,227372320.0,0.0,1097500.0,2876100.0,2.69,1.368,12.01,1.0,20030912.0,5330100.0,4.99,10.25,5.07,0.0,30.71,121711.0
000001,平安银行,银行,深圳,6.62,146.31,171.7,279123808.0,0.0,740700.0,5646500.0,3.29,1.09,10.38,0.93,19910403.0,6946300.0,4.05,15.2,5.52,0.0,22.84,340324.0
600000,浦发银行,银行,上海,6.81,205.19,216.18,556428224.0,0.0,2097700.0,7467800.0,3.45,1.87,15.26,1.12,19991110.0,8579200.0,3.97,11.32,9.47,0.0,33.64,162071.0
600036,招商银行,银行,深圳,6.89,206.29,252.2,556398976.0,0.0,3591400.0,6752300.0,2.68,2.067,15.72,1.21,20020409.0,19801900.0,7.85,2.6,7.51,0.0,32.53,215532.0
601998,中信银行,银行,北京,7.36,319.05,489.35,554153472.0,0.0,1544000.0,5863600.0,1.2,0.706,6.99,0.99,20070427.0,14283699.0,2.92,7.34,4.91,0.0,29.95,205677.0
000625,长安汽车,汽车整车,重庆,7.48,37.61,48.03,10061826.0,5804083.0,1492460.25,322748.94,0.67,1.66,8.37,1.92,19970610.0,2865065.25,5.97,11.43,14.81,17.18,14.44,143113.0
601169,北京银行,银行,北京,7.86,152.07,152.07,204284304.0,0.0,791700.0,2623600.0,1.73,0.983,8.12,1.27,20070919.0,4749500.0,3.12,10.07,5.79,0.0,41.2,157219.0
601009,南京银行,银行,江苏,8.33,57.64,60.59,102321760.0,0.0,511091.0,1518646.25,2.51,1.048,10.17,1.15,20070719.0,1694453.25,2.8,26.84,22.67,0.0,30.16,85675.0
002142,宁波银行,银行,浙江,8.4,34.52,39.0,83768928.0,0.0,334290.19,994823.63,2.55,1.627,11.65,1.56,20070719.0,1984291.75,5.09,27.01,19.22,0.0,35.36,86763.0
600029,南方航空,空运,广东,8.52,70.23,98.18,19258700.0,1390200.0,14417901.0,1395100.0,1.42,0.656,4.52,1.65,20030725.0,1903500.0,1.94,1.52,37.45,19.54,7.43,295297.0
601668,中国建筑,建筑施工,北京,8.53,299.47,300.0,134309760.0,106932224.0,2756152.75,1529999.38,0.51,0.79,6.21,1.51,20090729.0,11804222.0,3.93,9.63,30.05,9.46,3.7,775140.0
600177,雅戈尔,服饰,浙江,8.69,22.27,25.58,6449871.5,2741905.75,437789.19,488559.69,1.91,1.37,8.86,1.69,19981119.0,1518807.13,5.94,-14.95,1.64,42.38,31.43,140872.0
600718,东软集团,软件服务,辽宁,8.77,12.32,12.43,1134155.5,583091.81,148886.63,69191.85,0.56,1.66,6.34,3.03,19960618.0,523895.31,4.21,1.77,1161.01,33.6,41.48,86139.0
601318,中国平安,保险,深圳,8.92,108.33,182.8,529656384.0,0.0,3628800.0,12264600.0,6.71,3.17,20.75,1.77,20070301.0,18007000.0,9.85,15.41,17.05,0.0,10.35,274601.0
600104,上汽集团,汽车整车,上海,8.93,110.26,110.26,54494580.0,29309072.0,4209782.5,4098541.5,3.72,2.094,16.7,1.49,19971125.0,9434767.0,8.56,11.5,8.6,12.42,4.41,103501.0
600011,华能国际,火力发电,北京,8.97,105.0,152.0,29972384.0,3045625.25,19128846.0,1825077.75,1.2,0.618,5.45,1.36,20011206.0,3980688.75,2.62,-14.43,-29.06,26.89,11.28,97887.0
600741,华域汽车,汽车配件,上海,9.0,25.83,31.53,10290292.0,6456056.0,1394430.38,1251345.88,3.97,1.417,11.53,1.48,19960826.0,1713783.75,5.44,29.11,12.11,13.75,4.81,63088.0
600795,国电电力,火力发电,辽宁,9.68,196.5,196.5,25593970.0,1800148.75,17629602.0,640570.38,0.33,0.24,2.7,1.18,19970318.0,1959330.38,1.0,-0.27,-3.93,30.32,11.74,831855.0
600023,浙能电力,火力发电,浙江,9.73,29.88,136.01,10520352.0,2495662.0,5310620.5,2385238.0,1.75,0.43,4.26,1.31,20131219.0,1658227.5,1.22,0.0,3.82,26.1,20.36,252233.0
600027,华电国际,火力发电,山东,10.21,67.85,98.63,20335830.0,2053409.63,13368446.0,1315050.88,1.33,0.377,4.36,1.18,20050203.0,1733343.0,1.76,-10.82,-38.73,26.2,8.1,149108.0
600886,国投电力,水力发电,北京,10.24,67.86,67.86,19883628.0,1336194.13,12589430.0,647237.0,0.95,0.502,4.14,1.66,19960118.0,1402043.88,2.07,-9.23,-24.84,52.83,15.4,256080.0
601633,长城汽车,汽车整车,河北,10.49,60.28,91.27,7592209.0,4178679.5,2259586.5,141123.09,0.15,0.79,4.81,2.3,20110928.0,3012060.0,3.3,20.42,16.11,25.01,11.38,85115.0
601111,中国国航,空运,北京,10.51,85.22,130.85,22916228.0,2075384.75,15216030.0,1650953.13,1.26,0.59,5.13,1.51,20060818.0,3452767.5,2.64,3.72,15.07,24.78,8.46,204815.0
600115,东方航空,空运,上海,10.54,84.81,144.68,20488500.0,1777000.0,14561101.0,2676600.0,1.85,0.49,3.48,1.87,19971105.0,1151600.0,0.8,4.79,25.5,20.61,8.88,285550.0
600674,川投能源,水力发电,四川,10.69,44.02,44.02,2593946.25,95768.71,357438.47,405193.03,0.92,0.636,4.5,2.01,19930924.0,865711.38,1.97,-11.92,-12.61,37.01,400.06,86701.0
000333,美的集团,家用电器,广东,10.91,63.42,64.25,16299162.0,11368700.0,2083661.25,1335842.38,2.08,2.0,9.09,3.19,19931112.0,3721695.25,5.79,4.49,16.31,27.97,11.01,106167.0
000651,格力电器,家用电器,广东,10.94,59.72,60.16,18170746.0,13945858.0,1672439.13,18840.06,0.03,1.867,8.27,3.29,19961118.0,3994264.75,6.64,1.11,12.82,34.12,13.62,339957.0
600642,申能股份,火力发电,上海,11.48,45.52,45.52,5182987.0,1060393.63,2028723.25,322498.03,0.71,0.4,5.44,1.13,19930416.0,480688.44,1.06,-7.08,-8.1,10.08,9.05,184965.0
000540,中天城投,区域地产,贵州,11.88,39.25,46.89,6688881.5,4961436.0,329253.81,370828.03,0.79,0.438,3.02,2.3,19940202.0,519677.5,1.11,27.4,7.07,31.45,14.41,237647.0
600688,上海石化,石油加工,上海,11.98,73.05,108.0,3025867.5,1128297.75,1329878.63,53983.7,0.05,0.382,2.12,2.88,19931108.0,707808.63,0.66,-11.33,83.91,29.41,7.57,126843.0
600690,青岛海尔,家用电器,山东,12.31,54.91,60.98,12062234.0,6102382.5,1542717.88,8338.3,0.01,0.627,4.11,2.5,19931119.0,1631189.75,2.68,18.78,6.49,29.07,4.54,184106.0
600221,海南航空,空运,海南,12.41,118.12,168.06,15292251.0,4488968.0,5759003.5,1754656.38,1.04,0.27,3.33,1.01,19991125.0,1454491.25,0.87,15.73,36.69,27.16,11.05,489039.0
600585,海螺水泥,水泥,安徽,12.45,40.0,52.99,10572035.0,2569100.5,6197205.5,1068432.13,2.02,1.126,13.94,1.34,20020207.0,5482332.5,10.35,-0.05,-2.2,31.71,15.73,77377.0
000876,新 希 望,饲料,四川,12.48,34.57,41.68,3713051.25,963436.19,721256.75,215435.52,0.52,0.507,4.85,1.74,19980311.0,1269600.63,3.05,-4.82,19.06,8.08,4.77,88160.0
600048,保利地产,全国地产,广东,12.58,107.59,118.58,43812876.0,41082888.0,306939.59,1481764.0,1.25,0.64,7.09,1.42,20060731.0,5503962.0,4.64,37.45,9.9,30.13,8.16,254094.0
601872,招商轮船,水运,上海,12.65,47.21,52.99,3642369.5,733114.88,2369003.0,734466.44,1.39,0.334,2.92,1.93,20061201.0,341502.88,0.64,-1.81,8.77,40.71,39.59,209269.0
002146,荣盛发展,全国地产,河北,12.85,33.64,43.48,12803141.0,12175567.0,136918.67,463608.34,1.07,0.5,4.99,1.72,20070808.0,960234.13,2.21,25.31,29.91,30.61,11.62,82429.0
600340,华夏幸福,区域地产,河北,12.93,26.46,29.55,23560566.0,21290622.0,233448.45,660030.44,2.23,1.58,7.8,3.44,20031230.0,1242231.88,4.2,1.82,22.32,45.82,18.06,45636.0
600089,特变电工,电气设备,新疆,12.96,32.0,32.43,7701061.5,4708750.5,1730929.75,821523.06,2.53,0.545,6.99,1.35,19970618.0,1016379.88,3.13,-3.94,9.41,19.99,6.71,271569.0
000883,湖北能源,火力发电,湖北,13.23,53.46,65.07,4070400.5,350025.28,2331785.25,1013497.38,1.56,0.281,3.54,1.4,19980519.0,573378.69,0.88,22.68,2.57,39.78,26.68,141811.0
600816,安信信托,多元金融,上海,13.3,11.35,17.7,1159511.38,0.0,733.2,182709.94,1.03,1.306,4.52,5.12,19940128.0,384390.97,2.17,82.92,90.41,0.0,65.75,44671.0
600900,长江电力,水力发电,北京,13.47,97.46,220.0,30230662.0,1090860.38,26479338.0,4393400.0,2.0,0.84,5.63,2.37,20031118.0,3714432.75,1.69,4.78,-0.61,62.45,43.86,122049.0
600309,万华化学,化工原料,山东,13.65,21.62,21.62,5158506.5,1422187.63,2815626.5,4853.55,0.02,1.156,6.31,3.34,20010105.0,984475.38,4.55,41.55,74.14,30.11,11.94,37038.0
600019,宝钢股份,普钢,上海,13.91,164.24,164.51,26687294.0,10141921.0,11078174.0,3377792.75,2.05,0.34,7.17,0.88,20001212.0,4175795.25,2.54,9.2,148.33,12.23,4.19,300952.0
600578,京能电力,火力发电,北京,13.92,46.17,46.17,4046687.25,489714.69,2129449.0,358309.34,0.78,0.241,3.5,1.28,20020510.0,457178.91,0.99,-22.72,-42.21,25.26,18.0,88639.0
601186,中国铁建,建筑施工,北京,13.93,115.03,135.8,75030696.0,62241944.0,4137253.5,4040039.25,2.98,0.672,9.3,1.34,20080310.0,6149747.5,4.53,2.62,12.43,9.77,2.15,342536.0
601211,国泰君安,证券,上海,14.31,47.74,76.25,38602804.0,0.0,284168.34,2933375.5,3.85,0.94,12.79,1.5,20150626.0,3503101.25,4.59,-31.1,-36.07,0.0,38.22,228792.0
601669,中国电建,建筑施工,北京,14.66,96.0,137.55,47510084.0,27767460.0,8475148.0,1260357.75,0.92,0.37,4.35,1.75,20111018.0,2691662.75,1.96,13.32,8.01,12.52,3.26,353228.0
600068,葛洲坝,建筑施工,湖北,14.92,41.49,46.05,15648277.0,10691030.0,1150608.63,760236.06,1.65,0.47,8.15,1.19,19970526.0,716301.69,1.56,21.75,24.96,12.98,3.54,280090.0
601088,中国神华,煤炭开采,北京,15.03,164.91,198.9,56601800.0,13648600.0,31008198.0,7472900.0,3.76,0.87,15.37,1.13,20071009.0,19134700.0,9.62,-7.43,0.66,41.14,13.87,207187.0
600606,绿地控股,全国地产,上海,15.08,32.23,121.68,66438624.0,61166112.0,908215.38,901669.63,0.74,0.486,4.64,2.11,19920327.0,3073451.0,2.53,10.55,19.76,15.47,3.94,150906.0
600066,宇通客车,汽车整车,河南,15.14,19.03,22.14,2788947.25,1991281.63,444335.25,127876.86,0.58,1.028,5.34,3.89,19970508.0,676747.56,3.06,14.42,22.04,25.7,10.51,43232.0
600398,海澜之家,服饰,江苏,15.32,15.31,44.93,2262100.0,1727255.25,239218.7,201740.47,0.45,0.537,2.08,5.28,20001228.0,524852.44,1.17,6.56,5.45,39.91,20.01,39938.0
601006,大秦铁路,铁路,山西,15.56,148.67,148.67,11930768.0,2016121.75,6747523.0,2473876.0,1.66,0.346,5.89,1.22,20060801.0,3878423.5,2.61,-21.82,-54.01,16.62,16.29,183469.0
600170,上海建工,建筑施工,上海,15.7,69.06,71.32,15859453.0,12543408.0,671461.31,286631.47,0.4,0.22,3.17,1.53,19980623.0,874739.81,1.23,-1.16,15.62,8.11,1.89,231439.0
600060,海信电器,家用电器,山东,15.74,13.08,13.08,2186376.75,1953351.75,130046.81,225880.67,1.73,0.871,9.61,1.9,19970422.0,751954.56,5.75,-0.24,22.81,16.5,5.16,62217.0
000027,深圳能源,火力发电,深圳,15.76,39.64,39.64,6045412.0,1612276.63,1941115.75,431999.91,1.09,0.337,5.4,1.31,19930903.0,822332.75,2.07,-0.59,-15.79,31.93,15.51,140333.0
000069,华侨城Ａ,旅游景点,深圳,15.78,61.22,82.06,13574926.0,9831231.0,1458383.25,553591.88,0.67,0.355,4.84,1.55,19970910.0,2412827.5,2.94,9.25,17.09,46.53,15.31,123635.0
600028,中国石化,石油加工,北京,15.88,955.58,1210.71,141314800.0,33899500.0,71484704.0,11941100.0,0.99,0.241,5.72,0.89,20010808.0,25791300.0,2.13,-11.31,12.64,23.59,2.14,641544.0
600660,福耀玻璃,汽车配件,福建,15.92,20.03,25.09,2838065.0,1424989.0,874832.38,622875.31,2.48,0.867,6.72,2.74,19930610.0,689330.56,2.75,19.55,17.67,43.0,18.77,52314.0
600352,浙江龙盛,染料涂料,浙江,16.16,30.6,32.53,3661107.25,2282365.75,483252.34,154465.52,0.47,0.437,4.66,2.02,20030801.0,944680.88,2.9,-22.75,-38.85,36.79,15.64,164279.0
002304,洋河股份,白酒,江苏,16.2,12.32,15.07,3534020.75,2206098.0,738448.81,74177.27,0.49,3.211,16.63,4.17,20091106.0,2206143.25,14.64,7.36,8.47,60.89,32.99,28281.0
601992,金隅股份,水泥,北京,16.26,62.24,106.78,14224480.0,9589953.0,1748409.0,624080.44,0.58,0.213,4.14,1.11,20110301.0,2095644.75,1.96,26.15,113.84,24.73,6.95,69857.0
002081,金 螳 螂,装修装饰,江苏,16.34,25.18,26.43,2651036.0,2220040.25,106167.55,15882.98,0.06,0.516,3.65,3.08,20061120.0,615247.0,2.33,2.02,2.14,15.67,9.16,67273.0
002470,金正大,农药化肥,山东,16.46,27.09,31.4,1535236.25,838793.19,352823.38,111902.85,0.36,0.359,2.89,2.73,20100908.0,451041.31,1.44,7.28,2.6,14.02,6.47,62575.0
601607,上海医药,医药商业,上海,16.73,19.23,26.89,8089113.5,6139346.5,488991.19,1420349.88,5.28,0.914,11.73,1.74,19940324.0,1352585.63,5.03,14.52,12.78,11.9,2.71,71755.0
601800,中国交建,建筑施工,北京,16.76,117.47,161.75,79272120.0,43111180.0,5398022.5,2543455.25,1.57,0.64,9.65,1.61,20120309.0,7693551.0,4.76,4.07,12.1,13.05,3.87,154016.0
601117,中国化学,建筑施工,北京,16.77,49.33,49.33,8305859.0,6692907.5,769270.31,551338.69,1.12,0.292,5.5,1.19,20100107.0,1650643.38,3.35,-18.38,-23.38,13.26,3.95,112367.0
000895,双汇发展,食品,河南,16.92,32.99,33.0,2154148.0,713326.13,1172683.88,181530.92,0.55,0.993,3.96,5.66,19981210.0,611228.88,1.85,19.09,5.06,18.22,8.54,53364.0
600600,青岛啤酒,啤酒,山东,17.13,6.96,13.51,3157270.75,1386283.38,1135434.38,344418.47,2.55,1.362,12.68,2.45,19930827.0,1085876.38,8.04,-5.26,5.43,42.89,7.99,27471.0
601390,中国中铁,建筑施工,北京,17.53,183.28,228.44,73558376.0,57894728.0,4713693.0,4175432.0,1.83,0.39,6.02,1.57,20071203.0,5533546.0,2.42,2.69,16.91,9.02,2.09,781521.0
002202,金风科技,电气设备,新疆,17.62,21.58,27.36,6149862.5,3093923.5,1648083.63,819353.75,3.0,0.783,6.99,2.63,20071226.0,604498.75,2.21,-8.52,1.56,30.57,12.62,168594.0
000776,广发证券,证券,广东,18.29,59.19,76.21,36728252.0,0.0,88463.4,3186405.25,4.18,0.812,10.0,1.98,19970611.0,2225832.0,2.92,-42.35,-40.45,0.0,40.71,162997.0
600704,物产中大,商贸代理,浙江,18.57,8.92,28.71,8407020.0,5951649.0,477170.91,545799.13,1.9,0.37,6.76,1.58,19960606.0,591665.81,2.06,6.77,5.01,3.67,0.91,89345.0
600009,上海机场,机场,上海,18.57,10.93,19.27,2639200.75,1124854.0,994257.88,257549.8,1.34,1.092,11.21,2.41,19980218.0,1578349.5,8.19,10.8,9.35,44.46,40.24,45167.0
000623,吉林敖东,中成药,吉林,18.82,8.25,8.94,1932849.63,262118.09,173727.63,406667.25,4.55,1.45,19.72,1.82,19961028.0,1152932.88,12.89,12.65,-36.49,71.67,69.1,88662.0
000063,中兴通讯,通信设备,深圳,18.88,33.9,41.54,13266823.0,10602656.0,753331.31,1066452.0,2.57,0.688,7.62,2.27,19971118.0,1549858.38,3.73,4.44,9.78,31.62,3.99,190038.0
600153,建发股份,商贸代理,福建,18.92,28.35,28.35,13548944.0,11834893.0,103604.6,243923.05,0.86,0.464,7.06,1.66,19980616.0,1357703.38,4.79,1.03,-18.32,6.39,1.51,160781.0
603885,吉祥航空,空运,上海,19.32,2.15,12.84,1749701.25,431462.41,788994.81,375271.66,2.92,1.05,5.95,4.26,20150527.0,235584.25,1.84,23.98,30.07,26.25,16.29,41439.0
600887,伊利股份,乳制品,内蒙,19.4,60.33,60.65,3814654.5,1989913.0,1288002.88,248099.34,0.41,0.724,3.57,5.25,19960312.0,1145189.38,1.89,0.98,20.69,38.77,9.56,281654.0
000858,五 粮 液,白酒,四川,19.63,37.96,37.96,6034509.5,5262727.5,507582.5,95325.56,0.25,1.344,11.96,2.94,19980427.0,3247184.75,8.55,16.97,10.83,70.13,28.82,197704.0
600098,广州发展,火力发电,广东,19.69,27.26,27.26,3603144.75,816514.06,1587758.63,382598.78,1.4,0.363,5.6,1.7,19970718.0,587496.19,2.16,19.07,0.44,15.82,6.18,66935.0
000338,潍柴动力,汽车配件,山东,20.02,21.59,39.99,12463552.0,6560512.5,2442236.75,2788.31,0.01,0.376,7.79,1.29,20070430.0,2762304.0,6.91,15.25,44.32,23.16,2.39,148046.0
600196,复星医药,化学制药,上海,20.17,19.07,24.15,4224410.0,1026791.31,490346.69,622938.25,2.58,0.902,8.48,2.86,19980807.0,837335.31,3.47,17.24,15.12,53.8,20.46,73256.0
600030,中信证券,证券,深圳,20.22,98.15,121.17,54789192.0,0.0,352210.19,5444910.0,4.49,0.655,11.51,1.54,20030106.0,4656262.5,3.84,-36.24,-50.33,0.0,29.37,560921.0
000100,TCL 集团,家用电器,广东,20.37,90.01,122.14,14221101.0,7402514.5,3295827.0,552137.75,0.45,0.126,2.08,1.65,20040130.0,735461.75,0.6,4.83,-25.5,16.27,1.98,507674.0
001979,招商蛇口,全国地产,深圳,20.61,17.66,79.04,24183978.0,21627540.0,243745.8,1766770.38,2.24,0.71,6.36,3.07,20151230.0,2213008.5,2.8,43.98,193.68,35.78,15.27,123906.0
601901,方正证券,证券,湖南,20.73,62.9,82.32,14579758.0,0.0,44140.48,1642602.88,2.0,0.324,4.31,2.07,20110810.0,780361.19,0.95,-21.95,-32.13,0.0,42.73,297817.0
601098,中南传媒,出版业,湖南,21.02,17.96,17.96,1787848.25,1548587.5,134275.52,444338.75,2.47,0.655,6.74,2.73,20101028.0,530728.63,2.96,6.32,6.1,43.61,16.95,22699.0
000686,东北证券,证券,吉林,21.44,20.9,23.4,7313631.0,0.0,72420.31,573251.44,2.45,0.52,6.63,2.14,19970227.0,493465.91,2.11,-38.14,-48.07,0.0,37.41,119574.0
601377,兴业证券,证券,福建,21.52,66.97,66.97,11624745.0,0.0,72749.49,1433418.13,2.14,0.305,4.72,1.86,20101013.0,778132.38,1.16,-34.6,-41.89,0.0,34.8,277134.0
601021,春秋航空,空运,上海,21.7,2.0,8.01,1964032.75,703834.38,888338.81,153433.27,1.92,1.461,9.43,4.48,20150121.0,492757.19,6.16,3.69,-2.72,20.79,17.83,19454.0
600376,首开股份,区域地产,北京,21.72,22.42,25.8,17399210.0,16297245.0,78392.15,766366.19,2.97,0.35,11.31,1.2,20010312.0,0.0,0.0,51.1,-22.41,35.98,6.89,59043.0
000825,太钢不锈,特种钢,山西,21.76,56.96,56.96,7333644.0,1748176.25,4602481.5,680322.0,1.19,0.148,3.89,1.1,19981021.0,765762.25,1.34,-23.11,209.88,14.66,2.11,205586.0
601618,中国中冶,建筑施工,北京,21.82,162.39,191.1,36371188.0,29456896.0,2989350.5,1787449.25,0.94,0.16,3.26,1.57,20090921.0,1483893.25,0.78,-2.83,6.52,12.33,2.38,520572.0
601333,广深铁路,铁路,深圳,21.9,56.52,70.84,3135597.5,582933.5,2249726.0,1156273.75,1.63,0.154,3.95,1.14,20061222.0,663042.25,0.94,11.9,23.4,13.19,8.6,262627.0
601985,中国核电,新型电力,北京,22.0,42.41,155.65,27634602.0,3347828.5,11648776.0,1289417.0,0.83,0.242,2.57,2.76,20150610.0,982590.81,0.63,9.97,9.21,43.38,17.14,705495.0
600583,海油工程,石油开采,天津,22.1,44.21,44.21,2957822.25,1398756.5,1163119.5,424794.06,0.96,0.253,5.2,1.43,20020205.0,1222433.38,2.76,-20.57,-43.71,15.42,13.89,145122.0
000046,泛海控股,全国地产,北京,22.18,45.5,51.96,14479381.0,11228415.0,72465.86,570548.31,1.1,0.354,3.22,3.26,19940912.0,482568.16,0.93,230.62,34.48,44.28,12.6,38049.0
000999,华润三九,中成药,深圳,22.2,9.78,9.79,1442767.0,600170.25,280304.5,110107.86,1.12,0.888,8.47,3.1,20000309.0,568080.13,5.8,11.84,4.93,62.86,14.1,22503.0
600061,国投安信,证券,上海,22.29,19.62,36.94,12370077.0,10486883.0,17778.23,1665300.5,4.51,0.572,7.31,2.33,19970519.0,581904.31,1.58,-82.31,-40.12,5.9,487.61,68247.0
601888,中国国旅,旅游服务,北京,22.45,9.76,9.76,1748997.25,1367229.63,149815.3,481146.69,4.93,1.496,12.46,3.59,20091015.0,608250.44,6.23,4.12,10.78,24.98,8.88,17156.0
000963,华东医药,化学制药,浙江,22.63,4.34,4.86,1415884.5,1163000.5,139107.52,343624.84,7.07,2.49,14.46,5.13,20000127.0,286022.28,5.88,17.11,28.89,25.23,6.32,12085.0
601688,华泰证券,证券,江苏,22.74,54.44,71.63,38784788.0,0.0,265925.59,4583776.0,6.4,0.672,11.47,1.77,20100226.0,1646078.88,2.3,-38.56,-44.32,0.0,39.38,159261.0
002294,信立泰,化学制药,深圳,22.84,4.9,10.46,619439.44,353630.28,97134.9,18193.82,0.17,0.994,4.78,6.33,20090910.0,335645.78,3.21,10.19,12.28,74.35,36.74,32955.0
000538,云南白药,中成药,云南,22.91,10.41,10.41,2283942.0,2048007.75,158261.95,124985.65,1.2,2.266,14.57,4.75,19931215.0,1210628.5,11.63,10.89,10.16,31.01,14.49,38673.0
600837,海通证券,证券,上海,22.99,80.92,115.02,52377080.0,0.0,113193.3,5635174.0,4.9,0.553,9.4,1.8,19940224.0,2649371.75,2.3,-26.26,-42.48,0.0,32.16,258524.0
600021,上海电力,火力发电,上海,23.01,21.4,21.4,5454674.0,810307.75,2984043.5,420322.91,1.96,0.382,4.96,2.37,20031029.0,360302.44,1.68,-7.33,-10.29,25.21,6.95,144849.0
000415,渤海金控,多元金融,新疆,23.13,31.16,61.85,19553152.0,3637665.5,10187297.0,1724290.25,2.79,0.233,4.72,1.52,19960716.0,493040.41,0.8,150.36,48.37,35.94,8.25,119309.0
000423,东阿阿胶,中成药,山东,23.23,6.54,6.54,902160.13,675786.06,130160.76,68714.0,1.05,1.874,11.78,4.93,19960729.0,589542.38,9.01,5.28,8.51,66.78,30.77,62454.0
002415,海康威视,电器仪表,浙江,23.23,47.14,61.03,3649432.0,3220501.25,270566.06,102995.57,0.17,0.81,3.52,6.99,20100528.0,1301808.63,2.13,26.74,28.65,41.55,22.95,88000.0
600018,上港集团,港口,上海,23.27,227.55,231.74,11743653.0,2458030.5,3481940.0,868622.63,0.37,0.171,2.59,2.05,20061026.0,2201045.25,0.95,2.22,-12.52,30.19,17.35,282110.0
601336,新华保险,保险,北京,23.3,20.85,31.2,68909600.0,0.0,463800.0,2392000.0,7.67,1.534,19.15,2.49,20111216.0,2511200.0,8.05,-12.1,-44.63,0.0,4.06,46993.0
600820,隧道股份,建筑施工,上海,23.33,31.44,31.44,6274625.5,3182145.5,225921.2,682870.25,2.17,0.334,5.48,1.89,19940128.0,604388.56,1.92,9.57,12.26,11.67,5.96,197828.0
000568,泸州老窖,白酒,四川,23.49,14.02,14.02,1327208.75,955679.31,106665.13,65134.01,0.46,1.074,7.56,4.45,19940509.0,697650.75,4.98,17.3,13.72,62.1,25.61,55349.0
600373,中文传媒,出版业,江西,23.63,12.64,13.78,1900797.0,1181680.63,127123.92,543643.25,3.95,0.717,7.72,2.93,20020304.0,374280.28,2.72,15.43,21.38,39.87,10.72,21877.0
600827,百联股份,超市连锁,上海,23.83,15.43,17.84,4474322.0,1869702.0,1199442.63,292002.88,1.64,0.43,9.23,1.44,19940204.0,713529.13,4.0,-3.96,-37.77,22.22,2.1,104459.0
600519,贵州茅台,白酒,贵州,23.95,12.56,12.56,10514603.0,8350289.0,1124902.25,137496.44,1.09,9.923,54.64,5.8,20010827.0,5871924.5,46.74,15.05,9.11,91.64,46.81,53437.0
601601,中国太保,保险,上海,23.97,62.87,90.62,100288096.0,0.0,1108500.0,6674200.0,7.37,0.974,14.46,2.15,20071225.0,3749500.0,4.14,10.33,-41.28,0.0,4.14,93528.0
600649,城投控股,区域地产,上海,24.35,29.88,29.88,4173291.5,2152802.0,25528.45,406528.25,1.36,0.638,7.17,2.89,19930518.0,1190080.25,3.98,113.33,-39.09,30.91,25.78,100687.0
600999,招商证券,证券,深圳,24.55,47.14,66.99,23563442.0,0.0,43902.46,1940387.75,2.9,0.69,8.46,2.3,20091117.0,1431377.88,2.14,-55.29,-54.96,0.0,46.46,112987.0
000793,华闻传媒,出版业,海南,24.58,18.27,20.17,1335873.88,553059.81,123296.92,351843.66,1.74,0.344,4.59,2.46,19970729.0,330844.25,1.64,-6.69,35.35,38.86,24.84,76746.0
600637,东方明珠,影视音像,上海,24.89,16.02,26.27,3600101.25,2396499.25,252691.3,1194682.0,4.55,0.735,9.86,2.47,19930316.0,936559.0,3.57,-4.33,-23.59,22.35,12.62,176169.0
600873,梅花生物,食品,西藏,25.12,20.62,31.08,1662343.25,423276.81,1091801.75,224245.16,0.72,0.214,2.79,2.56,19950217.0,308423.56,0.99,-10.11,73.27,24.21,8.38,206871.0
600518,康美药业,中成药,广东,25.15,43.97,49.47,5300697.5,4287158.0,481593.94,1133456.63,2.29,0.56,5.76,3.05,20010319.0,811196.69,1.64,22.3,22.98,29.02,15.75,182226.0
300146,汤臣倍健,食品,广东,25.31,8.6,14.56,531769.06,324963.09,57089.28,191130.09,1.31,0.39,3.23,4.08,20101215.0,110231.32,0.76,7.43,-2.9,65.35,29.68,54544.0
601788,光大证券,证券,上海,25.48,39.07,46.11,17146006.0,0.0,85302.63,2349768.75,5.1,0.61,10.13,1.74,20090818.0,1085004.5,2.35,-47.8,-60.23,0.0,37.02,112189.0
000750,国海证券,证券,广西,25.52,42.16,42.16,4519417.0,0.0,17091.15,627598.13,1.49,0.232,3.28,2.41,19970709.0,181471.92,0.43,-20.22,-30.6,0.0,34.17,165431.0
601928,凤凰传媒,出版业,江苏,25.71,25.45,25.45,1913684.0,1018976.31,390103.84,284067.63,1.12,0.334,4.43,2.59,20111130.0,423054.16,1.66,-0.82,8.0,40.69,12.43,71407.0
000729,燕京啤酒,啤酒,北京,26.02,25.09,28.19,1900165.0,693609.38,1031138.38,459679.31,1.63,0.219,4.65,1.64,19970716.0,400802.53,1.42,-9.4,-27.89,40.63,5.96,59345.0
600703,三安光电,半导体,湖北,26.05,37.93,40.78,2299999.75,1139253.5,642813.94,707721.81,1.74,0.367,4.11,3.1,19960528.0,530223.63,1.3,24.55,3.39,38.26,33.34,85988.0
600863,内蒙华电,火力发电,内蒙,26.2,58.08,58.08,3952744.75,265420.66,2124455.75,82916.4,0.14,0.094,1.81,1.81,19940520.0,249251.66,0.43,-21.78,-41.33,17.3,7.87,270994.0
601555,东吴证券,证券,江苏,26.63,25.91,30.0,8015905.0,0.0,78673.25,1176282.25,3.92,0.417,6.63,2.23,20111212.0,339204.78,1.13,-34.38,-42.78,0.0,37.55,111655.0
600485,信威集团,通信设备,北京,27.03,16.31,29.24,2097882.0,1810747.75,59001.3,313306.59,1.07,0.486,4.0,4.38,20030807.0,621184.25,2.12,66.42,22.03,83.59,50.27,130881.0
600383,金地集团,全国地产,深圳,27.21,45.01,45.01,15036514.0,12521044.0,27862.69,329629.84,0.73,0.381,7.22,1.91,20010412.0,2248808.75,5.0,62.46,105.93,29.28,6.74,62930.0
000002,万 科Ａ,全国地产,深圳,27.26,97.08,110.39,75592968.0,66529676.0,544160.69,807854.63,0.73,0.748,9.1,2.99,19910129.0,5291204.5,4.79,47.06,20.54,26.53,7.06,321559.0
000166,申万宏源,证券,新疆,27.59,71.99,200.57,25134012.0,0.0,125284.42,444494.59,0.22,0.192,2.52,2.8,20150126.0,1664644.13,0.83,-53.09,-50.8,0.0,37.87,329930.0
601018,宁波港,港口,浙江,27.75,128.0,131.73,5855678.0,1074499.63,2269101.75,888519.88,0.67,0.143,2.62,2.02,20100928.0,1048644.25,0.8,-3.81,-17.49,25.17,15.05,297826.0
000709,河钢股份,普钢,河北,28.16,106.17,106.19,17854344.0,5346177.5,8677997.0,2320581.5,2.19,0.088,4.17,0.79,19970416.0,833410.19,0.78,-3.4,83.9,12.78,1.58,394687.0
600705,中航资本,多元金融,黑龙江,28.42,74.65,89.76,12382733.0,6079458.5,457200.84,407218.16,0.45,0.186,2.39,2.95,19960516.0,459299.69,0.51,21.69,-7.63,51.66,58.93,289487.0
600648,外高桥,园区开发,上海,28.52,9.35,11.35,2781033.0,1520768.0,102951.13,376026.97,3.31,0.549,8.21,2.54,19930504.0,343342.91,3.02,29.17,52.74,27.98,9.44,73142.0
000898,鞍钢股份,普钢,辽宁,28.6,61.49,72.35,8789600.0,2477400.0,4917700.0,3151900.0,4.36,0.135,6.12,0.84,19971225.0,184500.0,0.26,-1.26,210.02,13.51,2.38,112749.0
601766,中国中车,运输设备,北京,28.6,229.18,272.89,34330236.0,22852422.0,5274261.5,2997661.25,1.1,0.276,3.68,2.86,20080818.0,4173738.0,1.53,-1.01,-5.54,22.52,5.11,1057261.0
002236,大华股份,电器仪表,浙江,28.77,17.09,28.99,1293207.25,1095970.75,59975.6,58927.31,0.2,0.369,2.58,5.49,20080520.0,359481.28,1.24,36.68,40.51,38.55,13.42,43486.0
002008,大族激光,电器仪表,深圳,28.98,9.9,10.66,955620.13,564338.81,154080.16,78972.63,0.74,0.594,4.85,4.73,20040625.0,286387.41,2.69,17.21,3.51,39.99,12.69,89375.0
600839,四川长虹,家用电器,四川,29.13,46.1,46.16,5776148.5,4206820.0,545137.19,390900.69,0.85,0.113,2.73,1.61,19940311.0,407924.44,0.88,5.53,205.37,14.85,1.08,376986.0
000783,长江证券,证券,湖北,29.46,47.42,55.29,8833761.0,0.0,30376.94,1046600.5,1.89,0.35,4.55,2.72,19970731.0,497833.34,0.9,-40.39,-45.18,0.0,41.95,228958.0
600252,中恒集团,中成药,广西,29.46,32.75,34.75,604510.44,311046.75,91460.8,8572.66,0.02,0.125,1.52,3.22,20001130.0,96770.09,0.28,-13.29,-27.66,69.25,38.93,180488.0
002736,国信证券,证券,深圳,29.66,21.95,82.0,18894722.0,0.0,104325.5,676684.81,0.83,0.452,5.8,3.08,20141229.0,1593123.38,1.94,-56.1,-66.57,0.0,38.28,126258.0
600739,辽宁成大,商贸代理,辽宁,29.85,13.65,15.3,3179937.75,464183.91,345638.91,625550.31,4.09,0.544,11.91,1.82,19960819.0,937031.88,6.13,-6.98,-43.43,22.03,13.69,105927.0
600037,歌华有线,影视音像,北京,29.85,11.68,13.92,1455246.0,847197.5,375158.22,654772.06,4.7,0.427,8.79,1.94,20010208.0,328986.91,2.36,9.54,38.11,28.91,32.31,71701.0
600332,白云山,中成药,广东,29.91,10.71,16.26,2544887.5,1915259.63,192974.94,987513.88,6.07,0.8,10.69,2.42,20010206.0,493993.31,3.04,3.14,10.04,36.67,6.8,61219.0
000826,启迪桑德,环境保护,湖北,30.42,8.47,8.54,2094905.75,722777.94,147762.86,225013.34,2.63,0.838,8.67,3.92,19980225.0,346396.31,4.05,28.69,16.1,29.84,13.38,31151.0
601179,中国西电,电气设备,陕西,30.66,51.26,51.26,3419528.75,2603983.5,478807.94,1152898.63,2.25,0.147,3.61,1.67,20100128.0,158462.22,0.31,6.03,35.35,29.29,8.62,168463.0
002594,比亚迪,汽车整车,深圳,30.93,8.4,27.28,13392431.0,7041459.0,3543094.5,2445047.75,8.96,1.38,18.54,2.99,20110630.0,1660409.75,6.09,50.12,86.82,21.08,5.03,74628.0
002241,歌尔股份,元器件,山东,30.93,12.63,15.27,2337734.5,1276298.75,657280.81,204294.06,1.34,0.679,6.74,4.16,20080522.0,571725.0,3.74,38.57,21.33,22.25,8.22,39645.0
601718,际华集团,服饰,北京,31.51,38.57,38.57,2588604.0,1321166.13,308328.78,431168.0,1.12,0.199,3.53,2.37,20100816.0,540796.31,1.4,23.31,-27.05,7.49,4.14,196264.0
600369,西南证券,证券,重庆,31.7,46.45,56.45,7624209.5,0.0,30880.78,785206.81,1.39,0.187,3.36,2.35,20010109.0,319584.22,0.57,-55.97,-66.03,0.0,35.77,146587.0
600109,国金证券,证券,四川,32.33,30.24,30.24,4650180.5,0.0,13059.66,784124.0,2.59,0.335,5.66,2.55,19970807.0,447216.84,1.48,-27.21,-39.79,0.0,29.34,165519.0
300144,宋城演艺,旅游景点,浙江,32.79,11.04,14.53,754575.75,209495.52,175170.97,247613.16,1.7,0.526,4.31,5.33,20101209.0,218708.41,1.51,65.81,41.66,66.15,38.81,33072.0
600535,天士力,中成药,天津,33.01,10.33,10.8,1587586.75,1004954.81,296336.97,173792.77,1.61,0.928,7.39,5.53,20020823.0,443581.09,4.11,2.48,-17.69,34.04,10.44,24732.0
601216,君正集团,化工原料,内蒙,33.39,73.73,84.38,1832831.25,462142.56,746765.63,22650.32,0.03,0.117,1.55,3.37,20110222.0,416203.81,0.49,8.5,46.96,39.74,25.37,139720.0
300058,蓝色光标,广告包装,北京,33.45,14.21,19.99,1651334.5,769093.31,13512.57,147289.48,0.74,0.25,2.33,4.61,20100226.0,155612.84,0.78,42.29,143.4,23.29,5.83,68479.0
600271,航天信息,电脑设备,北京,33.89,18.47,18.47,1723737.25,1418250.63,101117.18,21571.56,0.12,0.511,4.66,4.96,20030711.0,525235.38,2.84,14.13,-23.32,17.46,5.78,86854.0
002450,康得新,化工原料,江苏,34.01,28.76,35.24,2529296.25,2060865.75,307675.72,701358.56,1.99,0.44,4.65,3.91,20100716.0,414033.41,1.17,35.54,36.21,37.31,19.76,78608.0
000402,金 融 街,全国地产,北京,34.3,29.87,29.89,11271212.0,8886310.0,268828.97,688502.75,2.3,0.269,8.57,1.44,19960626.0,1408065.5,4.71,13.2,-20.68,37.84,9.5,112251.0
002152,广电运通,电脑设备,广东,35.69,12.87,16.19,1097252.75,704075.31,67347.17,310776.41,1.92,0.33,5.09,2.93,20070813.0,271226.5,1.68,22.92,5.93,46.22,19.51,37885.0
002422,科伦药业,化学制药,四川,36.01,9.25,14.4,2379785.25,926250.13,908008.63,363396.88,2.52,0.373,7.94,2.26,20100603.0,582479.06,4.04,7.47,-2.38,41.53,8.6,40699.0
002027,分众传媒,软件服务,广东,36.5,5.07,87.37,994345.81,799665.63,25742.42,17212.74,0.02,0.37,0.76,22.98,20040804.0,606087.13,0.69,18.8,26.49,70.09,41.73,39762.0
600406,国电南瑞,软件服务,江苏,36.52,22.06,24.29,1613004.25,1466239.75,48677.9,114843.95,0.47,0.316,3.36,4.58,20031016.0,403868.38,1.66,44.88,160.46,22.97,11.57,67309.0
000728,国元证券,证券,安徽,36.54,19.64,19.64,6731037.5,0.0,144025.81,983574.13,5.01,0.485,10.36,2.28,19970616.0,462215.69,2.35,-47.41,-57.37,0.0,39.69,97366.0
300124,汇川技术,电器仪表,深圳,37.06,12.63,16.04,635386.19,486144.69,62745.05,82128.9,0.51,0.429,2.77,7.66,20100928.0,178327.11,1.11,31.1,17.46,48.76,28.07,35777.0
300315,掌趣科技,互联网,北京,37.77,18.07,27.71,1020563.13,145771.02,10493.17,409058.41,1.48,0.202,3.03,3.35,20120511.0,139984.44,0.51,87.03,105.65,61.31,41.28,187513.0
002385,大北农,饲料,北京,37.93,23.82,41.01,1479686.63,735145.13,361656.81,107005.07,0.26,0.145,2.19,3.36,20100409.0,351790.38,0.86,1.44,51.01,25.02,5.03,105477.0
300017,网宿科技,电信运营,上海,38.8,5.06,7.93,809832.63,707131.63,63227.6,370311.91,4.67,1.2,8.74,6.84,20091030.0,223881.75,2.82,60.2,64.16,42.92,28.43,34222.0
601899,紫金矿业,黄金,福建,39.81,158.04,215.41,8698794.0,2275139.25,3077315.0,643035.06,0.3,0.066,1.24,2.82,20080425.0,1765361.75,0.82,-6.38,-15.81,11.55,2.49,959084.0
002007,华兰生物,生物制药,河南,40.18,8.04,9.3,446586.84,301820.81,96351.46,39452.31,0.42,0.653,4.35,8.04,20040625.0,238860.95,2.57,26.62,32.17,61.52,43.19,45024.0
000559,万向钱潮,汽车配件,浙江,40.26,22.9,22.94,1101084.38,675654.13,278438.16,30097.22,0.13,0.271,1.85,7.89,19940110.0,135340.06,0.59,7.06,8.9,22.06,8.01,146285.0
600804,鹏博士,电信运营,四川,40.38,13.9,14.14,2013079.75,444738.59,1117276.25,211604.38,1.5,0.44,4.3,5.38,19940103.0,240043.3,1.7,15.24,1.6,57.98,9.15,84723.0
601628,中国人寿,保险,北京,40.55,208.24,282.65,268115616.0,0.0,1831400.0,5498000.0,1.95,0.47,10.93,2.37,20070109.0,12101300.0,4.28,7.65,-60.02,0.0,2.96,166454.0
600008,首创股份,环境保护,北京,40.6,48.21,48.21,3952554.5,1546498.63,466189.81,29795.51,0.06,0.081,1.91,2.3,20000427.0,182936.13,0.38,9.93,-3.17,34.29,8.31,167674.0
601933,永辉超市,超市连锁,福建,41.19,65.09,95.7,2802725.25,1945148.0,309338.63,651140.0,0.68,0.1,1.96,2.39,20101215.0,237196.34,0.25,17.72,36.57,20.04,2.2,117290.0
600415,小商品城,商品城,浙江,41.37,54.43,54.43,2620705.0,1014328.38,541681.75,146848.05,0.27,0.153,1.82,4.62,20020509.0,201680.44,0.37,115.7,117.83,40.93,14.74,258689.0
300027,华谊兄弟,影视音像,浙江,41.57,18.91,27.86,1965461.75,882312.13,35369.87,279416.88,1.0,0.223,3.37,3.68,20091030.0,312178.91,1.12,7.96,1.33,56.7,28.92,143554.0
600958,东方证券,证券,上海,41.58,31.26,62.15,19676458.0,0.0,43831.34,1803505.38,2.9,0.34,6.52,2.57,20150323.0,745379.63,1.2,-59.87,-68.26,0.0,39.34,172437.0
002183,怡 亚 通,仓储物流,深圳,42.45,20.98,20.99,3792846.5,3070407.5,84422.56,119561.2,0.57,0.21,2.53,4.81,20071113.0,142125.0,0.68,74.01,29.38,6.52,1.09,122799.0
300251,光线传媒,影视音像,北京,42.46,27.52,29.34,898350.81,283501.56,2890.45,138081.59,0.47,0.198,2.34,4.78,20110803.0,158562.97,0.54,41.79,216.55,52.75,48.89,93630.0
600276,恒瑞医药,化学制药,江苏,42.55,23.43,23.48,1363205.25,1097579.25,164606.47,43987.45,0.19,0.822,4.99,9.33,20001018.0,799667.06,3.41,20.28,22.71,86.85,23.34,26367.0
600959,江苏有线,影视音像,江苏,42.58,13.96,38.85,1987172.25,518062.44,872303.5,646043.13,1.66,0.189,3.3,3.25,20150428.0,196435.8,0.51,3.64,9.17,37.82,20.47,181047.0
300002,神州泰岳,软件服务,北京,43.5,11.03,19.61,672382.56,258453.7,34079.0,46375.76,0.24,0.179,2.53,4.09,20091030.0,233996.84,1.19,17.24,95.57,30.36,16.46,53324.0
601198,东兴证券,证券,北京,44.03,9.04,27.58,6881514.5,0.0,26233.76,976207.5,3.54,0.44,7.28,3.21,20150226.0,378651.47,1.37,-41.26,-37.97,0.0,45.04,143032.0
000156,华数传媒,影视音像,浙江,44.3,9.94,14.33,1322054.0,793907.81,232108.02,621420.31,4.34,0.32,6.74,2.8,20000906.0,176613.63,1.23,11.78,13.59,45.06,20.97,41717.0
600663,陆家嘴,园区开发,上海,44.42,24.45,33.62,5729800.0,1386727.88,44168.09,84704.55,0.25,0.402,4.2,5.68,19930628.0,687407.75,2.04,58.21,20.0,47.05,20.21,119321.0
601225,陕西煤业,煤炭开采,陕西,44.43,27.1,100.0,9088089.0,2120286.5,2719441.25,738914.63,0.74,0.103,3.26,1.86,20140128.0,1262746.75,1.26,-25.0,156.84,43.39,5.05,46324.0
600783,鲁信创投,矿物制品,山东,44.49,7.44,7.44,586245.56,97156.81,8442.99,115078.85,1.55,0.446,4.98,5.31,19961225.0,162705.95,2.19,-1.09,44.63,28.67,240.64,44710.0
300003,乐普医疗,医疗保健,北京,44.49,13.72,17.44,832637.94,322867.41,96627.65,48118.69,0.28,0.312,2.7,6.84,20091030.0,213410.88,1.22,27.83,30.77,60.53,21.53,23232.0
600582,天地科技,工程机械,北京,44.78,27.74,41.39,3462647.25,2575724.25,407134.41,126576.72,0.31,0.088,3.27,1.61,20020515.0,778738.19,1.88,-26.87,-48.29,34.89,5.21,77451.0
600074,保千里,电脑设备,江苏,45.18,8.98,24.38,693440.88,524297.38,23852.61,69077.24,0.28,0.27,1.69,9.02,19970623.0,129545.15,0.53,224.11,219.26,40.18,21.57,104020.0
002065,东华软件,软件服务,北京,45.56,13.68,15.7,1204644.13,907097.0,39830.93,234138.2,1.49,0.402,5.43,4.51,20060823.0,390088.06,2.48,15.17,5.0,35.14,17.59,77416.0
600188,兖州煤业,煤炭开采,山东,45.81,29.6,49.12,14547270.0,4242500.0,2677721.25,125865.5,0.26,0.207,8.55,1.48,19980701.0,3018768.25,6.15,68.45,-10.78,11.82,1.57,56783.0
600208,新湖中宝,全国地产,浙江,46.16,85.98,85.99,9613196.0,7521103.0,22860.67,768068.94,0.89,0.081,2.67,1.86,19990623.0,659583.31,0.77,32.29,16.9,20.44,7.97,121573.0
600085,同仁堂,中成药,北京,46.47,13.71,13.71,1666828.0,1329559.25,141288.52,200615.31,1.46,0.553,5.53,6.19,19970625.0,365734.5,2.67,11.14,14.29,47.76,8.52,62028.0
002129,中环股份,半导体,天津,46.77,22.96,26.44,1948018.25,629240.75,642134.19,688379.56,2.6,0.133,3.97,2.08,20070420.0,91905.7,0.35,44.2,133.32,12.57,6.47,103339.0
002195,二三四五,软件服务,上海,47.42,8.2,19.1,692233.56,398223.72,16867.65,342558.81,1.79,0.192,3.33,3.64,20071212.0,97709.43,0.51,15.51,25.64,67.29,29.27,105987.0
601727,上海电气,电气设备,上海,47.95,98.51,134.31,17093546.0,13106269.0,1182665.5,950134.69,0.71,0.132,3.31,2.54,20081205.0,1629643.13,1.21,-0.82,-6.84,20.68,3.23,358728.0
002475,立讯精密,元器件,深圳,48.24,18.7,21.2,2006203.75,1413288.25,386034.94,562928.0,2.66,0.321,5.68,3.64,20100915.0,296361.78,1.4,20.49,4.3,22.36,8.09,21090.0
600867,通化东宝,生物制药,吉林,49.27,13.63,14.22,462383.59,213271.45,116533.07,116247.77,0.82,0.36,2.64,8.76,19940824.0,86599.96,0.61,19.38,28.63,75.45,33.84,34215.0
000977,浪潮信息,电脑设备,山东,50.52,9.6,9.99,801082.69,644323.69,27579.2,166988.09,1.67,0.349,4.17,5.65,20000608.0,129129.13,1.29,29.4,13.13,13.65,3.92,80132.0
002739,万达院线,影视音像,北京,50.83,4.06,11.74,1692273.75,446185.56,181568.56,459088.41,3.91,0.976,8.68,7.62,20150122.0,387685.06,3.3,54.52,22.17,32.51,13.59,104533.0
600317,营口港,港口,辽宁,50.85,64.73,64.73,1648317.25,324529.22,1093311.25,155388.09,0.24,0.055,1.59,2.33,20020131.0,178957.56,0.28,-7.79,-20.41,29.68,13.79,177662.0
002456,欧菲光,元器件,深圳,53.08,10.28,10.86,2160265.0,1404645.75,429720.31,322199.03,2.97,0.55,6.49,5.69,20100803.0,246933.27,2.27,43.22,60.32,11.02,2.98,48820.0
300015,爱尔眼科,医疗保健,湖南,53.55,7.87,10.07,388515.22,149706.63,74564.81,46697.46,0.46,0.465,2.62,12.67,20091030.0,130505.63,1.3,26.25,30.71,47.35,15.2,19129.0
600362,江西铜业,铜,江西,54.32,20.75,34.63,8630461.0,5497494.0,1813977.63,1168589.5,3.37,0.285,13.54,1.53,20020111.0,1695612.25,4.9,22.29,-19.59,2.6,0.7,120708.0
002399,海普瑞,化学制药,深圳,56.19,12.47,12.47,1167081.38,579240.25,84320.17,423409.91,3.39,0.244,6.4,2.85,20100506.0,154395.11,1.24,1.62,-27.32,31.62,18.49,28693.0
002673,西部证券,证券,陕西,56.45,27.96,27.96,5201992.5,0.0,18261.53,544138.06,1.95,0.335,4.4,5.73,20120503.0,191903.25,0.69,-36.9,-45.87,0.0,36.18,262451.0
600895,张江高科,园区开发,上海,57.52,15.49,15.49,1789650.0,780800.56,27744.08,264697.41,1.71,0.25,5.04,3.81,19960422.0,271292.72,1.75,49.53,12.69,44.7,25.77,142828.0
600998,九州通,医药商业,湖北,57.53,14.42,16.47,3759992.75,3137962.25,302115.19,399076.16,2.42,0.278,6.6,3.23,20101102.0,286347.63,1.74,24.08,21.86,7.28,1.01,22119.0
600737,中粮屯河,食品,新疆,58.32,13.23,20.52,1690180.25,1112686.25,391747.41,412831.75,2.01,0.162,3.13,4.03,19960731.0,1392.7,0.01,1.29,348.02,12.41,3.86,187213.0
002292,奥飞娱乐,影视音像,广东,60.39,6.74,13.08,807541.56,323098.13,26216.59,146546.52,1.12,0.34,3.6,7.5,20090910.0,176916.11,1.35,33.65,14.92,50.89,17.5,113805.0
000413,东旭光电,元器件,河北,60.95,24.1,49.4,3934223.5,2734717.75,879614.19,1520016.38,3.08,0.2,4.41,2.99,19960925.0,150276.73,0.3,68.92,8.37,32.34,18.82,314070.0
000778,新兴铸管,钢加工,河北,62.12,36.43,36.43,4661685.5,2340096.25,1203207.63,726847.06,2.0,0.062,4.7,1.1,19970606.0,508859.59,1.4,8.12,-22.59,5.44,0.56,188222.0
300133,华策影视,影视音像,浙江,62.93,11.53,17.47,1016235.81,707904.69,3618.5,284138.59,1.63,0.16,3.54,3.81,20101026.0,162097.67,0.93,76.19,27.53,28.07,11.9,30382.0
000712,锦龙股份,多元金融,广东,63.25,8.3,8.96,2332164.0,1841381.75,5876.37,71395.3,0.8,0.304,3.99,6.44,19970415.0,173612.13,1.94,8958.43,-63.46,99.69,16.62,72684.0
002252,上海莱士,生物制药,上海,64.31,36.73,49.66,1304472.38,626786.13,103613.0,345790.75,0.7,0.248,2.37,8.99,20080623.0,313359.22,0.63,8.36,5.63,64.33,76.29,31585.0
600038,中直股份,航空,黑龙江,64.95,5.89,5.89,1928993.38,1564036.38,244209.25,423271.94,7.18,0.515,11.41,3.91,20001218.0,146633.02,2.49,1.89,5.17,11.01,3.68,30914.0
600005,武钢股份,普钢,湖北,70.13,100.94,100.94,9669322.0,3913980.5,4586989.0,992948.38,0.98,0.037,2.85,1.2,19990803.0,419317.34,0.42,-12.34,136.98,7.75,0.86,346558.0
002424,贵州百灵,中成药,贵州,71.62,7.32,14.11,397741.94,297865.22,57148.19,14732.61,0.1,0.223,1.99,10.66,20100603.0,109518.97,0.78,23.06,35.6,63.18,20.59,62318.0
600547,山东黄金,黄金,山东,71.95,14.23,18.57,2391635.25,271120.38,892821.81,2927.65,0.02,0.51,7.2,5.26,20030828.0,832592.0,4.48,16.48,165.12,7.81,1.96,159067.0
601898,中煤能源,煤炭开采,北京,72.88,91.52,132.59,24032486.0,4357443.5,8237714.5,3757190.0,2.83,0.067,6.33,1.03,20080201.0,2798239.5,2.11,-7.55,153.63,30.83,2.15,194993.0
002465,海格通信,通信设备,广东,76.71,18.4,21.46,980125.19,618200.44,119352.57,259425.3,1.21,0.117,2.98,4.01,20100831.0,142917.75,0.67,17.33,10.75,42.88,10.48,147545.0
002153,石基信息,软件服务,北京,77.25,4.89,10.67,590271.75,347184.97,41436.3,161450.38,1.51,0.248,4.54,5.63,20070813.0,211234.95,1.98,21.05,12.37,45.38,16.07,28076.0
000917,电广传媒,影视音像,湖南,78.37,10.62,14.18,2143970.75,752328.88,595021.56,614536.06,4.34,0.151,7.58,2.08,19990325.0,243579.55,1.72,34.27,-37.6,28.77,4.11,137618.0
000009,中国宝安,综合类,深圳,79.23,21.2,21.49,1949677.38,1221658.5,240198.55,34707.92,0.16,0.098,2.11,4.9,19910625.0,172568.45,0.8,33.78,-69.06,32.45,5.02,205910.0
000061,农 产 品,农业综合,深圳,79.41,16.92,16.97,1685856.75,316541.94,243724.2,262531.09,1.55,0.126,2.93,4.56,19970110.0,45389.96,0.27,13.12,361.72,39.33,14.78,48621.0
600489,中金黄金,黄金,北京,80.59,34.51,34.51,3970576.75,1609219.75,1201852.13,415878.34,1.21,0.118,3.88,3.28,20030814.0,509521.06,1.48,-33.82,454.37,12.34,2.0,259218.0
601258,庞大集团,汽车服务,河北,89.72,64.8,66.75,6436524.5,4557529.0,820486.0,363636.38,0.54,0.024,1.91,1.5,20110428.0,245324.77,0.37,12.16,177.61,9.95,0.36,318460.0
600157,永泰能源,煤炭开采,山西,90.93,45.96,124.26,9470169.0,1998311.25,1926364.75,907883.0,0.73,0.037,1.9,2.36,19980513.0,174683.13,0.14,0.62,-12.37,38.24,6.04,262345.0
603993,洛阳钼业,小金属,河南,91.6,129.54,168.87,4478949.5,1722515.25,422571.09,1072030.63,0.63,0.035,1.06,4.0,20121009.0,314829.94,0.19,10.12,-8.96,40.53,16.69,266495.0
002500,山西证券,证券,山西,93.48,24.88,28.29,4611425.5,0.0,32706.6,671329.63,2.37,0.115,4.28,3.34,20101115.0,140508.63,0.5,-44.22,-73.9,0.0,20.37,163146.0
300070,碧水源,环境保护,北京,94.09,20.09,31.23,2215032.0,1003041.38,39386.21,664504.56,2.13,0.141,4.59,3.85,20100421.0,404625.56,1.3,88.49,73.69,28.32,13.71,42738.0
300059,东方财富,互联网,上海,97.46,23.28,35.58,2513163.5,1973243.63,174385.25,678771.25,1.91,0.17,3.55,5.91,20100319.0,207027.09,0.58,-59.25,-61.03,74.64,61.5,199080.0
002230,科大讯飞,软件服务,安徽,104.29,11.62,12.94,936038.19,512685.0,89209.06,373615.69,2.89,0.215,4.99,6.0,20080512.0,132011.69,1.02,27.9,24.51,47.86,13.01,121412.0
600256,广汇能源,综合类,新疆,107.12,52.21,52.21,4184960.75,407205.72,1265039.63,70353.8,0.13,0.032,2.13,2.12,20000526.0,425757.84,0.82,-24.44,-51.91,29.25,5.74,194510.0
601099,太平洋,证券,云南,109.31,64.79,68.16,3962682.5,0.0,21874.93,279778.78,0.41,0.042,1.71,3.61,20071228.0,106848.36,0.16,-46.68,-63.03,0.0,28.29,334088.0
300024,机器人,专用机械,辽宁,112.37,15.14,15.6,698857.75,447311.44,49769.73,265032.78,1.7,0.159,3.45,6.91,20091030.0,102361.67,0.66,8.87,7.19,32.28,19.94,148032.0
000792,盐湖股份,农药化肥,青海,112.51,15.66,18.57,8097230.5,1437615.63,2633589.75,1040689.0,5.6,0.14,13.19,1.59,19970904.0,879182.69,4.73,-5.17,-52.01,45.49,3.57,60770.0
601989,中国重工,船舶,北京,112.87,179.58,183.62,19095918.0,12876884.0,3203518.5,2387969.5,1.3,0.046,3.33,2.08,20091216.0,1376245.25,0.75,-15.3,291.82,8.98,2.51,905318.0
000425,徐工机械,工程机械,江苏,114.1,69.94,70.08,4433241.5,3225998.75,650446.31,330446.69,0.47,0.024,2.91,1.23,19960828.0,930074.19,1.33,-7.45,779.31,20.3,1.37,273995.0
600372,中航电子,航空,北京,115.05,17.59,17.59,1694494.25,1217991.63,284155.47,127452.61,0.72,0.126,3.33,5.81,20010706.0,239076.02,1.36,-3.26,5.23,33.24,5.75,54752.0
300104,乐视网,互联网,北京,115.74,12.62,19.82,2886850.75,1414655.75,112686.8,588017.75,2.97,0.26,4.96,7.75,20100812.0,175094.61,0.88,100.29,30.75,15.07,2.94,149689.0
601016,节能风电,新型电力,北京,116.83,8.18,20.78,1758884.38,301304.22,1098373.25,325026.19,1.56,0.064,3.03,3.31,20140929.0,89012.13,0.43,1.13,-8.03,45.2,12.78,57381.0
600118,中国卫星,航空,北京,127.12,11.82,11.82,1110945.63,869851.13,62552.44,161232.95,1.36,0.197,3.99,8.38,19970908.0,182227.45,1.54,13.78,-2.77,15.84,7.14,147928.0
600570,恒生电子,软件服务,浙江,130.64,6.18,6.18,371576.78,161366.69,30980.01,11074.05,0.18,0.332,3.97,14.58,20031216.0,134006.31,2.17,3.01,28.11,95.9,15.35,109975.0
000060,中金岭南,铅锌,深圳,131.35,22.11,22.13,1639804.5,544390.81,482405.81,147347.17,0.67,0.074,3.44,3.77,19970123.0,338872.97,1.53,-3.5,62.1,9.72,1.48,161460.0
000839,中信国安,综合类,北京,141.66,39.19,39.2,1306709.0,487559.84,46946.46,67795.85,0.17,0.056,1.67,6.33,19971031.0,128803.13,0.33,35.13,-26.69,20.11,8.39,275850.0
000738,中航动控,航空,江苏,142.82,11.46,11.46,688364.94,426304.16,182454.73,266719.88,2.33,0.139,4.26,6.19,19970626.0,101144.11,0.88,3.52,4.18,27.57,8.59,101464.0
600666,奥瑞德,元器件,重庆,156.96,4.97,7.67,595337.19,189233.06,108498.85,125088.15,1.63,0.14,2.9,10.09,19930712.0,61030.38,0.8,-32.81,-48.0,40.87,18.11,27140.0
600893,中航动力,航空,陕西,168.85,13.68,19.49,5044643.5,2919078.75,1082929.13,986155.13,5.06,0.154,7.73,4.49,19960408.0,300534.0,1.54,-9.39,-41.78,19.74,2.38,89842.0
600050,中国联通,电信运营,上海,192.88,211.97,211.97,59707816.0,6569916.5,35370480.0,2781153.25,1.31,0.023,3.67,1.61,20021009.0,2991366.25,1.41,-2.25,-81.83,23.53,0.24,609113.0
600446,金证股份,软件服务,深圳,196.98,7.52,8.35,293165.19,196339.94,7508.66,1001.25,0.01,0.116,1.6,19.16,20031224.0,39191.25,0.47,34.38,-27.52,22.48,4.26,121861.0
300168,万达信息,软件服务,上海,203.82,10.09,10.31,591859.88,300357.19,44524.12,26400.8,0.26,0.09,2.02,11.42,20110125.0,70788.71,0.69,16.06,15.92,39.24,7.89,73245.0
603000,人民网,互联网,北京,209.96,11.06,11.06,354548.63,217990.77,16306.42,74500.5,0.67,0.068,2.45,7.76,20120427.0,71518.15,0.65,-14.49,-49.12,42.22,8.24,56608.0
600031,三一重工,工程机械,湖南,216.12,75.94,76.11,6003771.5,3570230.5,1496619.38,55998.6,0.07,0.023,3.07,2.15,20030703.0,1357585.25,1.78,-11.04,328.48,26.5,1.06,451598.0
000630,铜陵有色,铜,安徽,247.14,95.6,95.61,4091179.25,1929518.0,1510598.88,72429.96,0.08,0.01,1.46,2.25,19961120.0,265758.13,0.28,-4.92,-47.67,3.25,0.15,508178.0
300085,银之杰,软件服务,深圳,266.85,3.29,6.84,144435.91,90548.6,1126.7,5034.78,0.07,0.074,1.37,19.11,20100526.0,18248.17,0.27,61.32,22.96,39.57,7.77,59967.0
600010,包钢股份,普钢,内蒙,311.37,157.42,325.61,14101466.0,3300623.0,5275052.5,1442332.5,0.44,0.007,1.45,2.06,20010309.0,-68292.75,-0.02,14.44,117.76,6.49,1.18,491335.0
000768,中航飞机,航空,陕西,391.32,27.69,27.69,3980857.5,3258099.25,486289.94,1013162.38,3.66,0.043,5.45,4.08,19970626.0,103027.02,0.37,-0.51,196.74,7.35,0.77,180084.0
601600,中国铝业,铝,北京,476.73,109.6,149.04,19107902.0,6851866.5,7250991.0,1875607.0,1.26,0.007,2.53,1.82,20070430.0,-467906.09,-0.31,-4.32,111.07,6.8,0.12,483331.0
000725,京东方Ａ,元器件,北京,521.04,240.29,351.53,17517516.0,7510674.5,7155299.0,3902911.25,1.11,0.004,2.19,1.27,20010112.0,242004.95,0.07,25.87,-92.94,13.14,0.31,1305144.0
601857,中国石油,石油开采,北京,605.12,1619.22,1830.21,240598816.0,41510200.0,65537100.0,12851600.0,0.7,0.009,6.46,1.18,20071105.0,69999600.0,3.82,-11.85,-94.37,22.65,0.15,591681.0
600022,山东钢铁,普钢,山东,687.37,82.22,84.2,5254250.0,1727968.38,2472104.25,1064047.5,1.26,0.003,1.98,1.35,20040629.0,-314326.59,-0.37,8.53,103.15,5.4,0.07,246192.0
600111,北方稀土,小金属,内蒙,1052.23,36.33,36.33,1580087.63,1078247.13,220969.34,15597.85,0.04,0.009,2.27,5.84,19970924.0,333406.81,0.92,-20.64,-88.61,20.03,0.96,311564.0
600685,中船防务,船舶,广东,4433.59,5.49,14.14,5091487.0,3641800.5,1028224.63,686758.5,4.86,0.005,7.27,3.8,19931028.0,111755.51,0.79,-0.43,100.7,6.14,0.04,50359.0
